17
60
15
5
49
54
23
59
3
21
47
5
28
48
23
53
3
15
48
20
22
50
27
57
44
8
27
35
29
19
23
36
45
18
54
10
56
55
41
56
60
60
5
47
52
55
7
16
55
15
11
39
31
12
22
5
36
13
30
9
52
10
46
16
49
15
41
34
34
46
23
46
15
48
15
19
27
30
58
31
16
1
44
39
11
12
58
9
53
13
33
14
6
54
26
35
20
59
47
36
46
27
8
22
24
41
12
14
17
52
16
2
4
18
39
1
39
57
16
24
47
32
33
27
44
54
2
25
51
49
43
16
51
48
4
38
43
6
5
37
8
32
17
13
8
53
24
30
25
13
14
36
24
19
43
6
56
38
50
4
34
37
16
53
39
42
53
22
2
19
26
31
23
60
27
55
39
25
36
50
41
11
27
1
20
34
28
52
18
1
24
46
24
41
50
52
14
42
14
33
22
57
16
22
16
14
37
3
26
60
7
33
50
34
36
32
14
18
49
37
23
15
40
39
42
22
38
26
20
48
53
52
13
26
36
40
37
14
42
21
16
25
44
7
53
4
45
22
57
27
17
41
40
17
25
32
16
44
41
26
49
33
22
1
23
26
33
57
14
56
1
34
56
12
13
16
30
48
12
8
35
42
18
59
4
17
31
32
24
41
2
10
55
15
15
50
59
30
26
45
54
60
3
34
1
59
56
24
37
9
25
36
19
40
26
46
53
48
8
26
27
36
49
24
50
30
52
8
14
39
41
16
29
34
13
59
53
26
9
13
19
8
5
57
56
8
42
9
8
24
29
43
20
28
28
3
22
7
22
10
3
49
14
20
48
30
34
28
13
49
48
17
18
20
36
11
37
18
60
31
51
18
27
14
26
57
7
10
10
27
12
57
19
34
25
4
36
11
51
48
15
57
39
52
24
23
30
44
59
24
5
34
51
9
30
11
24
31
20
15
17
3
24
54
40
11
30
53
21
9
33
55
47
43
16
53
44
59
34
47
55
29
50
54
14
29
36
11
24
29
50
14
12
54
50
3
25
12
25
37
38
34
26
14
49
2
34
52
17
14
39
1
35
54
21
28
20
16
36
11
31
45
41
35
27
58
31
51
54
28
10
17
53
31
27
60
20
49
37
5
52
20
42
39
25
30
55
9
18
7
3
55
14
33
37
56
1
17
22
33
57
45
39
54
5
19
57
24
58
21
54
9
47
32
42
47
8
29
2
50
42
30
15
18
32
32
15
24
6
59
47
60
23
58
54
2
48
59
25
53
8
48
9
41
19
51
31
15
53
6
19
48
26
58
11
9
26
54
55
17
2
5
23
22
13
44
26
14
31
26
46
22
6
5
35
6
40
32
18
31
8
23
59
21
32
53
4
33
6
42
12
17
3
26
40
6
40
23
3
31
24
23
44
36
5
32
37
31
44
49
41
32
6
8
56
32
32
12
53
27
45
14
42
60
39
4
19
26
21
18
4
47
30
27
49
27
4
44
57
37
22
60
23
49
45
4
22
38
5
32
59
45
5
38
28
53
3
13
20
47
59
4
8
29
17
39
26
48
37
45
25
1
28
55
38
7
24
7
6
43
10
52
28
17
22
43
48
2
20
38
34
57
2
35
14
23
25
27
54
44
14
59
15
59
55
49
13
56
56
5
60
60
23
48
20
32
39
35
53
45
36
49
56
32
42
36
24
38
57
41
22
24
16
54
52
9
7
52
21
40
8
52
54
4
27
6
6
34
30
41
38
52
59
24
26
9
3
30
8
36
21
58
36
26
15
60
52
12
32
54
16
59
8
48
18
48
26
48
12
26
35
59
56
11
46
16
40
49
1
49
50
5
55
7
45
23
41
11
19
41
38
39
53
18
44
45
22
3
8
29
11
34
10
40
23
59
39
49
57
36
39
43
35
19
56
45
21
53
47
1
7
55
49
33
41
49
1
52
30
10
17
40
30
26
3
16
23
56
8
32
8
35
13
6
52
45
51
51
46
25
23
26
40
59
52
1
3
38
40
44
16
37
7
52
53
37
3
57
44
31
18
48
19
58
16
34
57
56
42
30
7
34
3
9
50
45
55
6
11
29
21
16
24
9
6
4
56
1
32
49
24
2
4
51
27
1
46
44
2
9
25
37
31
43
22
27
48
45
24
57
44
58
54
22
48
54
28
46
57
36
11
31
4
2
22
11
30
56
1
24
15
1
11
59
54
52
26
24
54
43
50
51
22
18
47
50
56
13
55
27
6
7
55
33
43
59
33
33
15
7
6
42
39
29
25
29
33
41
9
33
5
43
21
39
40
20
33
7
15
28
25
27
10
49
6
57
33
11
49
7
23
35
4
19
60
50
4
13
44
58
36
51
21
39
27
16
54
58
1
7
10
14
37
23
2
44
53
45
24
46
8
25
5
52
28
54
14
43
29
37
35
15
40
49
6
21
22
29
15
57
60
12
52
60
6
29
6
34
37
38
55
3
2
48
3
44
56
48
25
44
18
13
56
26
45
28
44
37
38
39
13
56
15
34
20
49
39
9
18
41
53
43
34
48
35
54
32
34
36
19
16
28
12
51
5
18
32
14
39
32
11
16
8
39
19
18
22
37
25
51
49
2
17
2
27
43
31
29
42
2
41
41
14
10
30
30
50
42
39
40
33
32
13
59
15
60
55
54
37
46
58
24
41
20
9
46
26
58
41
51
39
46
18
36
28
3
8
56
60
29
33
26
56
55
45
10
18
58
49
15
43
34
59
38
14
36
41
14
1
38
58
15
48
44
20
22
19
23
11
46
30
8
59
32
54
51
5
13
25
27
11
49
21
42
13
14
38
6
60
19
6
58
53
27
9
26
39
34
53
20
50
4
8
15
5
54
33
38
38
17
26
44
4
53
31
49
21
50
21
39
41
21
47
50
31
49
12
40
17
44
42
29
49
41
37
40
36
57
57
40
11
4
10
37
10
45
13
35
56
52
14
1
12
49
9
27
34
56
31
28
5
32
24
53
27
40
27
57
36
32
3
21
17
17
45
57
45
27
11
31
13
34
15
27
37
3
41
22
38
30
11
5
29
51
19
45
55
35
56
3
36
33
50
31
1
48
19
30
52
39
33
37
51
14
57
22
19
47
45
53
40
46
55
52
51
58
14
9
23
50
46
35
10
7
49
37
30
27
52
12
2
2
8
47
16
9
25
37
41
60
19
48
2
6
51
48
42
54
23
58
8
8
30
34
13
60
52
17
11
24
7
29
35
9
8
57
54
8
54
9
38
16
12
43
7
10
21
33
7
42
2
53
46
57
22
10
49
35
42
55
9
13
20
3
53
22
19
9
3
43
7
45
17
52
50
40
31
14
29
3
23
15
47
29
4
19
37
21
7
33
10
32
16
6
40
26
40
38
60
17
19
12
31
23
55
31
1
11
57
36
26
38
40
33
8
43
21
46
27
54
24
17
46
12
52
55
20
27
23
46
21
6
23
60
29
47
53
55
32
20
42
30
20
50
32
37
18
28
35
49
58
24
8
32
44
49
5
2
31
19
10
47
46
21
18
54
8
52
56
40
7
13
4
20
32
6
9
38
13
38
21
23
45
45
2
26
35
10
48
20
12
48
25
8
59
32
28
45
34
9
17
4
24
15
33
37
7
25
12
24
19
17
51
46
29
2
54
19
48
15
18
43
12
14
40
28
2
51
20
6
45
21
46
58
56
36
39
4
18
34
47
34
31
60
41
18
49
37
32
59
57
44
40
45
6
22
32
6
41
43
5
39
38
49
16
48
28
29
16
38
28
36
34
21
1
12
43
44
10
21
30
2
44
19
48
56
21
6
55
2
10
45
12
56
32
6
8
39
33
10
12
54
3
15
29
38
28
12
49
21
6
54
21
31
27
39
3
52
43
28
3
51
1
60
34
60
51
19
39
41
28
3
43
56
58
50
58
28
9
26
10
48
32
54
37
46
53
42
34
11
36
24
39
26
8
36
39
45
59
13
56
56
35
35
50
27
35
26
34
36
46
47
41
26
57
55
42
36
28
37
9
46
12
23
2
59
57
57
43
21
31
35
41
16
58
55
3
47
48
9
30
39
47
50
60
1
2
37
39
8
33
26
10
35
16
55
45
25
12
8
2
2
8
10
51
58
36
39
45
39
47
52
22
57
57
4
36
53
9
13
1
21
46
32
1
4
41
36
17
7
7
16
30
21
30
55
10
50
10
5
23
53
49
52
48
58
59
36
42
32
45
21
38
56
1
11
3
60
34
36
53
54
33
58
30
3
16
16
19
17
27
9
6
37
31
18
19
25
20
24
48
38
10
4
54
2
22
33
15
45
20
39
6
16
31
39
56
43
41
36
56
52
56
32
29
23
15
6
21
57
54
5
7
49
24
51
1
36
36
35
38
14
57
50
4
51
4
35
28
35
13
3
37
8
34
48
5
39
10
38
12
41
29
35
41
38
3
15
11
43
56
19
13
29
37
52
56
17
15
59
15
22
45
49
5
16
10
36
35
9
25
36
60
59
31
29
14
32
2
40