66
12
53
67
34
82
92
33
2
49
38
62
54
43
48
17
92
15
43
37
39
96
7
50
50
32
22
39
72
11
33
74
8
39
89
57
41
19
81
83
94
1
100
63
15
53
43
16
47
8
68
7
50
2
83
46
21
51
10
35
59
28
15
42
10
93
22
41
15
31
28
83
98
95
40
40
78
64
25
24
63
97
35
83
21
39
27
95
65
42
31
17
55
67
72
74
18
25
93
36
7
62
19
4
50
31
5
14
32
3
6
95
8
8
55
83
27
46
45
91
50
30
94
47
18
57
59
21
63
90
52
7
88
33
66
63
45
17
72
67
33
73
1
82
42
38
78
82
89
70
18
26
80
68
11
9
20
95
25
85
43
15
50
20
48
41
66
56
8
13
86
46
74
33
19
1
49
13
6
63
69
15
74
26
57
48
1
26
34
36
35
72
5
39
91
2
9
93
72
15
49
20
73
66
95
29
53
65
77
19
83
67
42
92
38
16
56
1
68
47
20
40
84
73
7
14
9
77
67
49
54
57
92
88
31
25
15
3
36
3
27
95
98
34
76
32
1
96
74
18
72
95
88
50
8
51
64
94
26
96
99
19
36
39
29
10
67
94
51
54
98
10
70
18
20
34
67
52
4
3
24
83
42
21
36
37
72
87
11
81
4
49
63
48
97
70
45
76
16
8
8
29
41
11
58
62
19
62
66
92
19
86
78
80
1
60
93
89
19
44
83
5
83
14
73
80
18
1
31
88
84
64
85
1
8
28
13
51
92
14
97
78
42
88
90
12
91
39
23
30
42
1
67
5
7
4
3
76
90
41
69
43
81
35
44
43
21
96
34
91
58
4
37
3
25
91
89
61
88
77
64
37
50
19
51
18
32
80
27
63
66
98
65
53
18
85
53
1
65
96
80
87
19
78
98
16
67
84
16
32
71
78
2
2
37
29
55
89
22
63
47
21
32
10
47
9
15
68
88
44
68
9
84
34
40
14
72
78
67
4
32
63
13
90
75
89
63
23
86
85
89
34
96
72
2
16
69
50
60
69
14
66
73
53
36
58
17
62
81
48
79
71
100
5
34
61
77
48
1
85
90
52
4
40
12
94
29
14
22
14
59
63
83
64
46
83
65
46
49
51
78
31
71
31
87
85
21
40
55
24
2
24
94
65
85
64
67
49
89
2
83
22
13
73
27
13
66
81
23
88
80
94
30
56
31
10
74
11
100
12
15
50
7
77
74
91
67
89
18
79
98
31
20
93
30
70
58
21
42
49
6
95
11
49
57
6
68
38
100
14
68
27
14
26
56
8
45
38
40
61
43
18
83
74
15
67
91
56
42
80
49
7
51
83
65
13
20
21
80
6
84
22
60
77
60
38
15
39
4
34
92
82
30
75
54
14
3
18
74
78
33
30
50
21
29
20
44
12
48
48
92
59
57
53
85
33
31
61
88
10
64
46
2
81
63
39
97
100
39
26
61
44
30
59
79
34
25
98
43
80
33
78
10
20
100
94
40
55
39
66
72
43
6
8
88
28
28
4
17
15
63
35
48
43
48
12
24
28
75
65
41
90
86
83
19
77
34
55
19
93
65
23
16
31
11
81
8
22
96
100
77
36
61
12
93
56
84
60
66
3
55
2
56
46
46
24
77
72
16
30
64
70
65
19
22
19
94
64
40
60
64
23
37
28
92
33
47
97
46
33
18
80
68
96
9
89
10
56
99
61
100
70
24
32
66
94
7
72
31
67
46
81
39
71
11
2
97
42
93
8
98
75
54
36
82
82
80
16
1
18
32
88
17
17
56
36
50
38
4
94
47
1
36
54
87
68
16
28
48
59
71
8
83
37
53
30
54
64
88
70
92
35
70
12
51
97
33
16
87
27
59
9
72
37
10
87
66
86
36
39
85
71
8
88
8
38
1
23
44
11
42
60
86
58
85
64
56
11
32
15
84
69
55
7
84
66
69
50
19
47
45
29
89
3
100
22
38
54
45
38
46
89
40
18
47
8
29
84
13
22
13
14
80
50
53
59
45
18
10
8
23
40
9
7
59
53
3
13
94
87
57
93
84
49
66
40
3
45
33
57
98
45
80
69
32
64
77
38
9
42
20
93
83
34
13
84
36
42
92
41
63
22
72
12
89
63
61
94
71
50
30
12
22
33
63
5
20
22
19
60
73
8
92
25
27
55
21
22
28
22
16
60
78
42
83
16
4
88
63
19
18
51
83
77
22
78
15
4
7
51
26
28
10
25
52
23
24
80
11
87
29
54
31
31
14
22
83
23
41
71
85
93
35
20
39
81
84
38
64
17
33
2
81
77
24
29
66
70
78
51
67
80
21
93
85
2
57
55
88
14
20
75
55
53
76
59
99
61
80
24
36
39
9
42
53
60
39
90
93
4
41
99
19
80
58
55
75
36
18
29
26
42
55
56
91
38
3
29
65
71
35
55
64
2
80
92
77
14
11
26
74
7
74
23
61
32
55
62
18
4
66
39
8
53
96
14
70
5
55
3
49
64
68
90
15
38
24
91
49
30
54
97
99
62
63
30
80
49
15
69
97
30
45
36
22
86
3
40
57
65
70
55
28
11
90
11
4
94
39
58
1
54
6
48
15
45
27
76
48
8
63
25
50
17
32
63
65
100
32
30
2
55
67
63
43
39
67
5
78
43
60
58
26
60
73
84
57
77
6
59
75
29
34
85
4
29
35
81
80
30
16
43
44
26
22
67
9
30
42
10
10
48
34
8
88
33
14
12
40
59
75
11
37
6
93
74
85
42
73
42
84
81
97
58
97
95
19
29
75
23
88
76
7
2
20
93
16
91
75
79
13
2
98
99
79
33
86
99
58
94
15
31
78
11
94
16
21
49
79
35
70
64
1
90
90
8
81
8
100
43
62
90
77
53
88
48
29
56
62
58
43
16
45
20
16
90
45
95
30
10
95
66
1
59
5
64
74
60
13
7
2
21
76
60
64
79
4
65
23
31
79
3
80
11
96
57
100
49
92
68
56
76
92
51
29
74
84
12
29
25
27
66
76
68
39
100
65
41
90
51
81
55
74
66
66
71
51
6
8
34
33
77
1
55
29
62
59
28
90
96
15
24
21
57
69
48
6
87
58
69
66
86
92
35
15
42
11
25
18
33
74
35
30
96
92
57
71
7
66
38
50
64
27
6
41
15
8
40
26
51
61
3
84
14
26
4
2
60
2
31
72
14
53
69
47
64
72
1
94
3
20
48
60
78
41
72
57
46
27
4
28
81
59
59
58
74
64
82
82
9
1
28
84
28
20
61
38
10
90
8
53
9
35
73
53
74
22
38
63
98
26
37
70
43
13
2
55
41
95
28
4
24
94
91
97
100
14
86
83
5
64
98
20
74
8
73
54
19
68
24
11
60
18
38
93
5
9
27
36
88
27
69
10
29
10
72
86
40
29
89
39
59
93
56
90
32
27
25
72
12
19
25
8
66
54
29
88
33
84
92
54
78
23
21
75
98
59
20
83
75
41
15
54
68
94
40
34
82
37
92
37
75
52
83
41
67
16
95
38
40
95
98
34
75
25
44
52
76
57
22
79
14
37
32
65
17
9
33
97
43
5
90
19
46
79
42
79
3
72
27
23
67
54
83
75
53
70
92
30
58
35
33
61
94
40
8
64
8
75
79
67
58
86
49
16
41
52
41
70
16
37
32
32
38
48
70
98
82
27
54
66
22
58
31
30
18
57
4
79
53
67
33
62
6
32
99
31
28
11
100
17
1
99
48
88
61
5
50
99
76
3
81
22
23
20
9
67
48
32
12
66
96
78
36
65
81
49
94
7
94
88
86
57
80
59
62
84
21
87
26
79
21
87
36
67
36
80
19
81
53
9
45
27
95
100
9
73
7
80
94
40
9
43
7
79
39
98
82
79
26
100
30
79
37
71
56
38
78
91
72
32
62
3
26
51
98
97
7
92
10
11
75
52
72
55
28
3
26
100
87
78
70
52
30
31
46
24
46
75
72
40
13
1
72
64
12
65
25
3
4
10
49
84
66
18
99
25
5
18
19
36
40
28
52
57
98
8
5
76
84
36
85
75
60
72
84
21
89
8
24
56
45
79
34
43
48
27
8
40
61
50
29
28
54
86
11
30
98
54
97
89
32
19
54
48
93
93
22
29
93
71
92
60
40
62
80
40
53
58
49
87
91
12
58
9
47
59
100
49
88
15
77
15
26
94
27
76
43
6
78
9
51
55
3
21
52
22
5
59
8
5
54
96
93
97
7
7
55
77
74
63
46
60
91
56
24
88
72
38
47
98
18
49
77
64
77
44
4
2
89
61
91
86
47
77
78
30
71
86
17
57
23
91
73
56
30
37
84
28
51
81
23
43
55
1
63
57
91
93
80
58
34
34
44
1
24
39
64
83
68
34
30
96
99
34
90
87
50
18
12
69
58
85
47
47
75
36
88
76
98
25
71
17
64
34
66
81
2
76
30
100
49
60
97
64
57
46
85
29
72
74
90
68
6
22
73
78
81
46
25