3
7
21
21
9
30
18
24
5
6
24
8
9
3
20
2
9
3
17
16
1
2
1
20
19
14
23
2
7
14
8
30
16
7
21
10
20
21
29
4
21
22
12
19
20
1
24
10
9
2
9
20
3
29
17
22
18
18
4
22
25
12
22
8
6
8
21
19
9
16
6
8
15
9
16
8
20
17
28
22
1
6
6
19
16
21
5
7
25
25
5
25
1
20
17
10
6
7
13
16
4
20
25
9
5
25
27
13
29
18
3
16
11
4
10
4
27
16
11
29
8
26
7
28
2
8
13
17
29
22
11
18
18
12
10
25
9
6
21
9
18
21
9
5
17
25
19
2
30
20
1
9
14
27
30
23
14
25
23
2
3
4
16
23
30
12
27
2
20
30
28
29
2
23
24
1
23
12
3
22
22
2
23
22
18
29
25
1
27
16
9
6
12
19
28
21
15
19
8
24
25
19
24
30
26
6
5
20
12
22
12
10
18
27
19
17
4
17
29
8
6
11
23
21
23
19
22
16
21
10
5
24
6
13
18
19
15
19
13
2
22
17
29
27
25
8
18
16
11
2
16
14
14
23
20
8
4
4
8
9
30
2
1
20
29
21
20
27
26
5
15
16
8
15
21
14
9
1
14
28
30
2
19
26
10
11
9
3
23
8
19
18
6
29
14
1
1
25
30
10
17
21
18
25
1
27
2
24
13
29
18
18
30
9
19
2
16
24
19
27
11
25
8
15
22
12
10
29
13
12
19
6
21
23
1
5
10
2
21
18
14
11
28
14
27
19
14
18
1
25
28
17
1
16
28
2
10
10
3
28
4
7
5
30
3
24
7
12
16
8
18
12
15
28
3
13
17
10
29
12
30
13
20
7
24
12
1
21
8
29
21
5
22
15
26
30
29
10
28
13
16
25
10
23
21
21
29
10
6
29
23
24
13
24
5
28
3
19
9
11
19
16
26
12
28
1
23
22
28
20
8
19
17
10
29
14
25
10
9
11
29
2
30
5
24
15
5
25
3
11
3
24
14
4
7
16
2
29
3
23
21
30
28
26
25
8
17
14
16
24
12
15
13
27
6
9
15
8
18
14
15
9
14
17
17
22
6
10
17
25
23
22
16
26
25
12
20
21
25
16
19
3
19
11
9
11
20
16
24
13
2
3
27
6
24
21
5
23
19
8
16
12
21
17
3
8
24
9
23
8
3
29
21
4
25
19
21
14
23
8
9
20
11
13
4
14
9
22
7
6
7
20
11
6
22
20
16
30
21
4
14
20
21
21
1
17
26
26
3
7
17
30
14
16
29
7
27
24
1
15
18
19
11
12
11
15
8
4
17
23
8
6
23
14
3
7
7
25
16
11
10
13
17
16
1
23
6
14
18
11
30
15
6
2
30
2
22
25
13
21
3
16
25
1
9
16
25
25
23
30
14
18
11
12
8
11
18
18
9
26
23
29
24
9
7
13
13
7
22
18
28
21
24
30
25
7
8
16
7
17
9
4
18
18
23
25
11
15
7
22
17
16
22
28
26
28
20
22
28
24
7
26
12
25
6
27
9
16
19
29
14
5
23
20
16
29
13
30
7
29
5
5
28
3
8
28
19
21
19
13
15
29
28
14
26
28
27
4
21
2
5
27
25
28
19
24
22
11
20
19
20
18
6
17
9
19
23
2
20
5
11
30
28
8
24
23
8
15
20
3
18
29
13
1
25
14
25
11
15
15
14
27
27
14
4
30
26
27
28
30
22
14
15
10
10
24
12
11
12
17
30
28
10
14
28
9
6
14
16
6
16
26
20
16
5
17
19
27
27
11
21
6
7
14
13
26
26
1
29
7
15
1
16
9
19
29
5
5
24
1
14
12
18
1
2
1
17
2
4
19
14
11
11
26
21
29
18
21
1
9
10
19
27
29
12
14
26
10
1
12
4
17
19
19
22
9
19
14
5
7
7
20
3
2
15
26
17
5
27
15
23
9
16
30
7
26
8
27
18
5
27
21
2
1
27
29
19
30
1
27
24
5
25
12
15
4
2
12
2
28
11
6
2
24
15
26
30
24
30
26
24
2
7
2
5
1
18
27
24
18
1
5
20
9
19
21
14
24
29
3
7
2
23
30
18
27
12
7
1
12
2
9
5
13
13
12
18
16
9
10
7
16
30
12
22
27
24
15
16
6
10
27
24
25
19
19
10
4
15
20
12
22
6
15
13
29
5
22
8
17
19
12
4
29
11
6
20
21
25
13
26
12
26
1
13
19
14
26
7
14